20
0.00126842 0.193323
0.585006 0.350308
0.822838 0.174129
0.710495 0.303986
0.0914113 0.147313
0.988508 0.11908
0.00892266 0.531664
0.601764 0.166249
0.450786 0.0570559
0.783319 0.519876
0.875968 0.9559
0.539342 0.462074
0.86222 0.779658
0.996796 0.611493
0.266214 0.840119
0.375857 0.677187
0.0088171 0.275887
0.587912 0.837608
0.484931 0.743728
0.457976 0.744419
65
0 4 0.101206
0 6 0.338428
0 15 0.611916
0 16 0.0829086
1 3 0.133766
1 5 0.46506
1 7 0.18482
1 9 0.260924
1 11 0.120735
1 12 0.511066
1 15 0.388063
1 18 0.405948
2 3 0.171708
2 5 0.174577
2 7 0.221214
2 9 0.347998
2 10 0.783574
2 17 0.703842
3 4 0.638601
3 7 0.175482
3 8 0.358362
3 11 0.232992
3 12 0.499284
4 6 0.393103
4 8 0.370535
4 14 0.714518
4 15 0.601395
5 7 0.38961
5 9 0.450267
6 19 0.496904
7 8 0.186327
7 9 0.39751
7 11 0.302339
7 12 0.666414
7 17 0.671501
8 11 0.414586
8 15 0.624641
9 11 0.250731
9 12 0.2715
9 13 0.232305
9 16 0.812025
9 17 0.373011
10 12 0.176777
10 14 0.620649
10 15 0.572531
10 18 0.44489
10 19 0.468446
11 12 0.452891
11 15 0.270186
11 17 0.378662
11 18 0.286861
11 19 0.293835
12 13 0.215384
12 18 0.378996
12 19 0.405777
13 15 0.624404
13 19 0.554974
14 19 0.214316
15 16 0.543838
15 17 0.265898
15 18 0.127768
15 19 0.10613
16 18 0.667502
17 18 0.13935
18 19 0.0269637
