100
0.00126842 0.193323
0.585006 0.350308
0.822838 0.174129
0.710495 0.303986
0.0914113 0.147313
0.988508 0.11908
0.00892266 0.531664
0.601764 0.166249
0.450786 0.0570559
0.783319 0.519876
0.875968 0.9559
0.539342 0.462074
0.86222 0.779658
0.996796 0.611493
0.266214 0.840119
0.375857 0.677187
0.0088171 0.275887
0.587912 0.837608
0.484931 0.743728
0.457976 0.744419
0.599041 0.735004
0.572399 0.151557
0.425165 0.51712
0.751536 0.168996
0.491884 0.699753
0.14752 0.141599
0.69288 0.426546
0.966604 0.153256
0.821673 0.191351
0.817184 0.155563
0.732007 0.279589
0.682244 0.721908
0.123028 0.834657
0.517018 0.426212
0.949338 0.549541
0.471722 0.846964
0.456093 0.98295
0.739184 0.196007
0.839429 0.500912
0.0274962 0.572572
0.531317 0.843037
0.657599 0.842136
0.109947 0.314085
0.286082 0.140281
0.834616 0.600243
0.25272 0.00161929
0.806239 0.210575
0.553193 0.113783
0.752218 0.543429
0.436713 0.696206
0.436683 0.577867
0.628667 0.504149
0.695768 0.189952
0.178375 0.457458
0.0975227 0.0944042
0.93149 0.894601
0.227318 0.410712
0.62807 0.451613
0.597828 0.854792
0.624778 0.565746
0.184288 0.555142
0.242865 0.604727
0.584605 0.494448
0.740741 0.620382
0.804509 0.576046
0.911548 0.727662
0.667785 0.31502
0.305822 0.108578
0.851219 0.154887
0.079348 0.640986
0.545088 0.408975
0.465561 0.152659
0.737986 0.826689
0.873344 0.300078
0.12723 0.784959
0.609648 0.0722923
0.653849 0.104813
0.22709 0.919969
0.662784 0.492535
0.49682 0.509259
0.688157 0.606274
0.00591149 0.100635
0.863235 0.74733
0.38012 0.552806
0.955708 0.176586
0.131645 0.951709
0.0278421 0.0559277
0.131648 0.864307
0.721645 0.0146828
0.707905 0.217562
0.168934 0.340983
0.367574 0.802393
0.526538 0.798184
0.144825 0.402413
0.136562 0.0661752
0.573343 0.548042
0.311344 0.808018
0.284265 0.895227
0.743793 0.361141
0.228511 0.229439
378
0 4 0.101206
0 16 0.0829086
0 42 0.162464
0 81 0.0928038
0 90 0.223417
1 11 0.120735
1 26 0.132095
1 30 0.163127
1 33 0.1019
1 47 0.238655
1 48 0.255452
1 57 0.110078
1 59 0.219079
1 66 0.0899866
1 70 0.0709596
1 71 0.230938
1 79 0.181775
1 89 0.180902
1 95 0.198077
2 5 0.174577
2 7 0.221214
2 23 0.0714858
2 27 0.145274
2 28 0.017261
2 29 0.0194074
2 30 0.139183
2 37 0.0864678
2 46 0.0400475
2 52 0.128051
2 75 0.236263
2 89 0.122866
3 9 0.227842
3 21 0.205682
3 30 0.0325265
3 37 0.111725
3 48 0.243051
3 66 0.0441127
3 89 0.086463
3 98 0.0661467
4 16 0.152817
4 25 0.0563994
4 42 0.167799
4 43 0.194798
4 45 0.217365
4 54 0.053261
4 81 0.0974117
4 86 0.111321
4 90 0.208609
5 27 0.0405929
5 28 0.181816
5 29 0.175166
5 68 0.141882
5 84 0.0662033
6 39 0.0449272
6 42 0.239889
6 60 0.17693
6 69 0.130042
7 21 0.0328358
7 30 0.172653
7 47 0.0714975
7 76 0.0805437
7 89 0.117893
8 43 0.184537
8 47 0.117069
8 67 0.153847
8 76 0.208603
9 30 0.245705
9 31 0.225905
9 38 0.0592276
9 44 0.0953423
9 48 0.0390128
9 59 0.165044
9 62 0.200334
9 64 0.0600335
9 98 0.163583
10 41 0.246226
10 65 0.230994
10 82 0.208959
11 26 0.157596
11 33 0.0422423
11 48 0.227893
11 51 0.098739
11 57 0.0893431
11 59 0.13434
11 62 0.05565
11 66 0.19525
11 70 0.0534087
11 79 0.0635176
11 95 0.0924475
12 65 0.0716722
13 34 0.0780401
13 38 0.192334
13 44 0.162569
14 15 0.196389
14 74 0.14953
14 85 0.174818
14 87 0.136722
14 91 0.108153
14 96 0.0553821
14 97 0.0579886
15 19 0.10613
15 40 0.227319
15 49 0.0637583
15 59 0.272728
15 61 0.151451
15 91 0.12548
16 86 0.220781
16 90 0.172843
17 18 0.13935
17 24 0.168004
17 35 0.116566
17 36 0.196215
17 40 0.0568546
17 58 0.0198405
17 91 0.223134
17 92 0.0729444
18 19 0.0269637
18 20 0.114444
18 35 0.104078
18 49 0.0676996
18 58 0.15837
18 79 0.23477
18 91 0.131203
19 24 0.0560786
19 31 0.225395
19 35 0.103463
19 40 0.1229
19 41 0.222257
19 50 0.167907
19 92 0.0871297
19 95 0.227758
20 31 0.0842266
20 40 0.127506
20 49 0.166901
20 58 0.119794
20 64 0.259778
21 37 0.172606
21 47 0.0423761
21 66 0.189258
21 70 0.258863
21 71 0.106843
21 75 0.0875811
21 76 0.0939105
21 88 0.202507
21 89 0.150726
22 33 0.129234
22 59 0.20545
22 61 0.202258
22 70 0.161483
22 83 0.0574675
23 27 0.215643
23 28 0.073613
23 29 0.0670074
23 30 0.112304
23 37 0.0297019
23 46 0.0687112
23 52 0.0595757
23 66 0.168337
23 68 0.100676
23 73 0.17894
23 75 0.171708
23 88 0.157182
23 89 0.065287
24 40 0.148611
24 49 0.0552854
24 50 0.133804
24 83 0.18462
25 43 0.138568
25 90 0.200531
25 94 0.0762155
25 99 0.11948
26 46 0.243914
26 48 0.131082
26 51 0.100725
26 57 0.0694889
26 59 0.154966
26 66 0.114315
26 70 0.148833
26 95 0.170441
26 98 0.0828856
27 28 0.149854
27 29 0.149438
27 46 0.170301
27 68 0.115397
27 84 0.0257497
28 29 0.0360677
28 30 0.125801
28 37 0.0826208
28 46 0.0246529
28 52 0.125913
28 68 0.0469317
28 89 0.116749
28 98 0.186799
29 30 0.150457
29 37 0.0878619
29 46 0.0560894
29 52 0.126192
29 66 0.218509
29 68 0.0340421
29 89 0.125641
29 98 0.218285
30 37 0.0838893
30 46 0.101358
30 47 0.243857
30 57 0.200986
30 66 0.0733473
30 73 0.142814
30 89 0.0665453
30 98 0.082399
31 41 0.122728
31 48 0.191706
31 58 0.15743
31 72 0.118686
31 80 0.115785
31 82 0.182768
32 69 0.198536
32 74 0.0498755
32 85 0.117369
32 87 0.0308775
32 96 0.190191
32 97 0.172239
33 50 0.171619
33 51 0.13616
33 66 0.187334
33 70 0.0329394
33 79 0.0854679
33 80 0.248417
33 95 0.13422
34 44 0.125427
34 64 0.147235
34 65 0.182086
35 41 0.18594
35 91 0.113284
35 92 0.0733781
36 92 0.197739
36 96 0.227054
36 97 0.192926
37 46 0.06862
37 52 0.0438359
37 68 0.119343
37 73 0.169793
37 75 0.179122
37 76 0.124894
37 84 0.217393
37 89 0.0379866
37 98 0.165198
38 44 0.0994469
38 48 0.0970223
38 59 0.224229
38 63 0.154959
38 64 0.0828519
38 73 0.203678
39 53 0.189778
39 69 0.0858429
40 41 0.126285
40 49 0.174669
40 58 0.0675421
40 72 0.207314
40 92 0.0451063
41 58 0.0610958
41 63 0.236828
41 72 0.0818575
41 92 0.138234
42 53 0.158866
42 56 0.152029
42 90 0.06483
42 93 0.0949643
43 99 0.106129
44 63 0.0960111
44 64 0.0386256
44 80 0.146583
44 82 0.149845
45 94 0.132892
46 52 0.11238
46 68 0.0715844
46 75 0.240354
46 89 0.0985828
46 98 0.163002
47 52 0.161646
47 66 0.231576
47 75 0.0700626
47 76 0.101055
48 57 0.154411
48 63 0.0778048
48 64 0.0616294
48 66 0.243515
48 78 0.102901
49 83 0.154163
49 91 0.126711
50 51 0.20565
50 79 0.0912332
50 83 0.0618657
50 95 0.139877
51 57 0.0525393
51 59 0.0617197
51 62 0.0451168
51 63 0.161465
51 78 0.0360401
51 79 0.131946
51 95 0.0706207
52 76 0.0948991
52 89 0.0301599
53 56 0.0676809
53 61 0.16077
53 90 0.116858
54 81 0.0918229
54 86 0.079598
54 90 0.256711
54 94 0.048176
55 65 0.168125
55 82 0.162319
56 90 0.0909445
56 93 0.0829097
57 62 0.0610247
57 78 0.0536622
57 95 0.110876
57 98 0.146892
58 72 0.142947
59 62 0.0818366
59 78 0.0824889
59 80 0.0752292
60 61 0.0767458
60 93 0.157746
61 69 0.167488
61 93 0.224818
61 96 0.214515
62 63 0.200594
62 66 0.197771
62 78 0.0782022
62 79 0.0890262
62 95 0.0547639
63 64 0.0776663
63 78 0.149741
63 79 0.268041
63 82 0.17641
63 95 0.182361
64 78 0.164499
64 82 0.181072
64 95 0.232856
65 82 0.0521627
66 70 0.154538
66 75 0.249593
66 89 0.105393
66 98 0.0889066
67 71 0.16571
67 99 0.143472
68 73 0.146867
68 76 0.203623
68 84 0.106718
69 74 0.151726
70 79 0.111295
71 75 0.164985
71 99 0.249174
72 82 0.148275
74 87 0.0794708
75 76 0.0548751
75 89 0.175378
77 85 0.100584
77 87 0.110488
78 80 0.116535
78 95 0.105265
78 98 0.15436
79 83 0.12456
79 95 0.0857899
80 82 0.224831
80 92 0.250898
80 95 0.128737
81 86 0.0497969
81 94 0.135118
86 94 0.109202
89 98 0.147996
90 93 0.0659914
90 99 0.126458
91 92 0.15902
91 96 0.0565109
91 97 0.124734
93 99 0.192154
96 97 0.0913161
